x <- 1:100
y <- 'David'